G05 2017 01 06 00 00 00-6.790179759264D-05 2.160049916711D-12 0.000000000000D+00
     1.400000000000D+01-4.275000000000D+01 4.814486256963D-09 3.077796964198D-01
    -2.138316631317D-06 4.903943394311D-03 9.322538971901D-06 5.153663536072D+03
     4.320000000000D+05 0.000000000000D+00 1.140085729695D+00 1.024454832077D-07
     9.463452491125D-01 1.915625000000D+02 5.672574176226D-01-8.232128615486D-09
    -1.110760553350D-10 1.000000000000D+00 1.930000000000D+03 0.000000000000D+00
     2.000000000000D+00 0.000000000000D+00-1.071020960808D-08 1.400000000000D+01
     4.301400000000D+05                   
G14 2017 01 06 00 00 00-5.284976214170D-05-1.818989403546D-12 0.000000000000D+00
     7.500000000000D+01 7.356250000000D+01 4.586976780280D-09-8.790317420576D-01
     3.948807716370D-06 8.640202111565D-03 9.296461939812D-06 5.153618270874D+03
     4.320000000000D+05-2.793967723846D-08 2.278325743927D+00 1.937150955200D-07
     9.625614795093D-01 2.041250000000D+02-1.953063333819D+00-8.202484523547D-09
     2.185805333280D-10 1.000000000000D+00 1.930000000000D+03 0.000000000000D+00
     2.000000000000D+00 0.000000000000D+00-9.313225746155D-09 7.500000000000D+01
     4.248000000000D+05
G16 2017 01 06 00 00 00 2.205325290561D-05 1.364242052659D-12 0.000000000000D+00
     3.100000000000D+01-3.031250000000D+01 3.880161624306D-09 4.953347370000D-01
    -1.430511474609D-06 8.968458860181D-03 8.504837751389D-06 5.153629724503D+03
     4.320000000000D+05 7.636845111847D-08-1.912417590109D+00 1.136213541031D-07
     9.902163614575D-01 2.270000000000D+02 3.825755247434D-01-7.942830850787D-09
    -3.635865734116D-10 1.000000000000D+00 1.930000000000D+03 0.000000000000D+00
     2.000000000000D+00 0.000000000000D+00-1.024454832077D-08 3.100000000000D+01
     4.289400000000D+05 
G20 2017 01 06 00 00 00 4.541696980596D-04 1.705302565824D-12 0.000000000000D+00
     4.700000000000D+01-3.993750000000D+01 5.239146802922D-09-1.384125746005D+00
    -1.855194568634D-06 4.725425154902D-03 8.901581168175D-06 5.153620937347D+03
     4.320000000000D+05-4.656612873077D-08 1.062617861019D+00 1.247972249985D-07
     9.264462175408D-01 1.885000000000D+02 1.531877470103D+00-8.434637050775D-09
    -8.678932940965D-11 1.000000000000D+00 1.930000000000D+03 0.000000000000D+00
     2.000000000000D+00 0.000000000000D+00-8.381903171539D-09 4.700000000000D+01
     4.293300000000D+05  
G21 2017 01 06 00 00 00-5.263853818178D-04 1.250555214938D-12 0.000000000000D+00
     8.500000000000D+01-3.787500000000D+01 5.128427905322D-09 1.944444354461D+00
    -2.425163984299D-06 2.366087178234D-02 5.098059773445D-06 5.153760709763D+03
     4.320000000000D+05 2.738088369370D-07 7.327198994677D-02-4.936009645462D-07
     9.386895881434D-01 2.674687500000D+02-1.726202803390D+00-8.272130281715D-09
     8.464638300447D-11 1.000000000000D+00 1.930000000000D+03 0.000000000000D+00
     4.000000000000D+00 0.000000000000D+00-9.778887033463D-09 8.500000000000D+01
     4.248000000000D+05   
G23 2017 01 06 00 00 00-2.018497325480D-04-1.023181539495D-12 0.000000000000D+00
     4.200000000000D+01 6.156250000000D+01 4.834844247812D-09-1.699554571464D+00
     2.969056367874D-06 1.117679930758D-02 9.784474968910D-06 5.153561820984D+03
     4.320000000000D+05 1.545995473862D-07 2.195879054468D+00-1.192092895508D-07
     9.447055329946D-01 1.775625000000D+02-2.518045275996D+00-8.098194465162D-09
     3.350139546759D-10 1.000000000000D+00 1.930000000000D+03 0.000000000000D+00
     2.000000000000D+00 0.000000000000D+00-2.002343535423D-08 4.200000000000D+01
     4.296900000000D+05    
G25 2017 01 05 23 59 44-3.127427771688D-04-6.821210263297D-12 0.000000000000D+00
     1.400000000000D+01-1.921875000000D+01 4.149458555890D-09 1.899071347510D+00
    -1.082196831703D-06 5.912989028729D-03 8.231028914452D-06 5.153653362274D+03
     4.319840000000D+05-1.825392246246D-07-1.984836906550D+00 0.000000000000D+00
     9.777999846999D-01 2.295937500000D+02 7.481468299699D-01-7.952474109610D-09
    -2.246522148093D-10 1.000000000000D+00 1.930000000000D+03 0.000000000000D+00
     2.000000000000D+00 0.000000000000D+00 5.587935447693D-09 1.400000000000D+01
     4.248000000000D+05    
G26 2017 01 06 00 00 00-5.158307030797D-04-2.160049916711D-12 0.000000000000D+00
     9.000000000000D+01-2.993750000000D+01 4.585190991609D-09 1.526037862471D+00
    -1.365318894386D-06 1.521537546068D-03 8.158385753632D-06 5.153641510010D+03
     4.320000000000D+05 1.098960638046D-07-1.997755226593D+00-5.587935447693D-09
     9.596611873633D-01 2.180937500000D+02-1.642707024656D-01-8.249272186727D-09
    -3.375140588153D-10 1.000000000000D+00 1.930000000000D+03 0.000000000000D+00
     2.000000000000D+00 0.000000000000D+00 7.450580596924D-09 9.000000000000D+01
     4.248000000000D+05   
G27 2017 01 06 00 00 00 1.898217014968D-04 5.570655048359D-12 0.000000000000D+00
     6.600000000000D+01 7.281250000000D+00 4.213746948045D-09-4.039264586212D-01
     2.477318048477D-07 4.147624131292D-03 9.102746844292D-06 5.153660352707D+03
     4.320000000000D+05 9.685754776001D-08-9.442431294593D-01 7.450580596924D-08
     9.735466264561D-01 2.102812500000D+02 2.859265061924D-01-8.045692278235D-09
     1.907222300607D-10 1.000000000000D+00 1.930000000000D+03 0.000000000000D+00
     2.000000000000D+00 0.000000000000D+00 1.396983861923D-09 6.600000000000D+01
     4.312200000000D+05 
G29 2017 01 05 23 59 44 6.347903981805D-04-2.160049916711D-12 0.000000000000D+00
     4.500000000000D+01 1.315625000000D+01 4.059811964607D-09 1.774869930274D+00
     5.885958671570D-07 5.775154568255D-04 8.085742592812D-06 5.153694129944D+03
     4.319840000000D+05-7.078051567078D-08-8.830790351236D-01 4.097819328308D-08
     9.797100378384D-01 2.334687500000D+02-1.923149268944D-01-7.884971297847D-09
     1.953652806053D-10 1.000000000000D+00 1.930000000000D+03 0.000000000000D+00
     2.000000000000D+00 0.000000000000D+00-1.024454832077D-08 4.500000000000D+01
     4.248000000000D+05  
G31 2017 01 06 00 00 00 2.268077805638D-04-2.273736754432D-12 0.000000000000D+00
     9.000000000000D+01 2.718750000000D+01 4.696981362413D-09 2.845337132375D+00
     1.531094312668D-06 8.547438774258D-03 5.269423127174D-06 5.153625446320D+03
     4.320000000000D+05-1.564621925354D-07-3.001850503991D+00 1.098960638046D-07
     9.689854687856D-01 2.835625000000D+02-3.156250964007D-01-8.183555163635D-09
    -8.321775206769D-11 1.000000000000D+00 1.930000000000D+03 0.000000000000D+00
     2.000000000000D+00 0.000000000000D+00-1.350417733192D-08 9.000000000000D+01
     4.248000000000D+05   	 